robot_calibrations:
  left_enc_scale: 3.446982481197425E-06
  right_enc_scale: 3.451556213079376E-06
  left_gyro_scale: -3.641771822801296E-07
  right_gyro_scale: -3.615086195934141E-07
lidar_params:
  lidar_model: "velodyne"
  lidar_ip: 192.168.3.25
  robot_ip: 192.168.3.72