robot_calibrations:
  left_enc_scale: 3.46666902E-06
  right_enc_scale: 3.4618768654E-06
  left_gyro_scale: -3.63988138657E-07
  right_gyro_scale: -3.62715746706E-07
lidar_params:
  lidar_model: velodyne
  lidar_ip: 192.168.3.25
  robot_ip: 192.168.3.72