robot_calibrations:
  left_enc_scale: 3.30052962565002E-06
  right_enc_scale: 3.326130057696E-06
  left_gyro_scale: -3.6477902718E-07
  right_gyro_scale: -3.647618719E-07
  robot_calibration: false
lidar_params:
  lidar_model: ouster
  lidar_ip: 192.168.3.21
  robot_ip: 192.168.3.32